id,name,credit,songid,song,labelid,label
465,Joe,2648729,2336193,Streets of Gold,-1,
699187,PJ Morton,2648729,2336193,Streets of Gold,-1,
