id,name,credit,songid,song,labelid,label
119662,Still Life,1450316,1506172,Still Life / Jara,157938,The Sunflower Tribe
