id,name,credit,songid,song,labelid,label
1832386,Thomas Grant,2799877,2179257,Bernice Summerfield: The Adolescence of Time,16092,Big Finish Productions
1832386,Thomas Grant,2799877,2179257,Bernice Summerfield: The Adolescence of Time,16092,Big Finish Productions
1147339,Lisa Bowerman,2799877,2179257,Bernice Summerfield: The Adolescence of Time,16092,Big Finish Productions
1147339,Lisa Bowerman,2799877,2179257,Bernice Summerfield: The Adolescence of Time,16092,Big Finish Productions
1830199,Emily Pithon,2799877,2179257,Bernice Summerfield: The Adolescence of Time,16092,Big Finish Productions
1830199,Emily Pithon,2799877,2179257,Bernice Summerfield: The Adolescence of Time,16092,Big Finish Productions
1831762,Tim Block,2799877,2179257,Bernice Summerfield: The Adolescence of Time,16092,Big Finish Productions
1831762,Tim Block,2799877,2179257,Bernice Summerfield: The Adolescence of Time,16092,Big Finish Productions
1830829,Lois Baxter,2799877,2179257,Bernice Summerfield: The Adolescence of Time,16092,Big Finish Productions
1830829,Lois Baxter,2799877,2179257,Bernice Summerfield: The Adolescence of Time,16092,Big Finish Productions
