id,name,credit,songid,song,labelid,label
279577,Ralph Steinbrüchel,1508983,901671,Red8.4-,42570,Synchron
