id,name,credit,songid,song,labelid,label
1115357,Graham Candy,2956965,2638267,La Vialla,-1,
2138455,D.Boom,2956965,2638267,La Vialla,-1,
