id,name,credit,songid,song,labelid,label
81512,Marc‐Antoine Charpentier,2119759,1893806,Messe pour le Samedy de Pâsques,3707,Musical Heritage Society
1590643,McNeil Robinson,2119759,1893806,Messe pour le Samedy de Pâsques,3707,Musical Heritage Society
