id,name,credit,songid,song,labelid,label
228277,Parov Stelar,3006655,2684608,"Keine Melodien...1,2,3,4,5",-1,
