id,name,credit,songid,song,labelid,label
1298828,Jonathan Morris,2453827,2179954,Doctor Who: The Shadow Heart,16092,Big Finish Productions
1298828,Jonathan Morris,2453827,2179954,Doctor Who: The Shadow Heart,16092,Big Finish Productions
605826,Sylvester McCoy,2453827,2179954,Doctor Who: The Shadow Heart,16092,Big Finish Productions
605826,Sylvester McCoy,2453827,2179954,Doctor Who: The Shadow Heart,16092,Big Finish Productions
1831985,Chase Masterson,2453827,2179954,Doctor Who: The Shadow Heart,16092,Big Finish Productions
1831985,Chase Masterson,2453827,2179954,Doctor Who: The Shadow Heart,16092,Big Finish Productions
1832049,James Wilby,2453827,2179954,Doctor Who: The Shadow Heart,16092,Big Finish Productions
1832049,James Wilby,2453827,2179954,Doctor Who: The Shadow Heart,16092,Big Finish Productions
1552435,Eve Karpf,2453827,2179954,Doctor Who: The Shadow Heart,16092,Big Finish Productions
1552435,Eve Karpf,2453827,2179954,Doctor Who: The Shadow Heart,16092,Big Finish Productions
1828249,John Banks,2453827,2179954,Doctor Who: The Shadow Heart,16092,Big Finish Productions
1828249,John Banks,2453827,2179954,Doctor Who: The Shadow Heart,16092,Big Finish Productions
1830752,Kirsty Besterman,2453827,2179954,Doctor Who: The Shadow Heart,16092,Big Finish Productions
1830752,Kirsty Besterman,2453827,2179954,Doctor Who: The Shadow Heart,16092,Big Finish Productions
1829611,Alex Mallinson,2453827,2179954,Doctor Who: The Shadow Heart,16092,Big Finish Productions
1829611,Alex Mallinson,2453827,2179954,Doctor Who: The Shadow Heart,16092,Big Finish Productions
