id,name,credit,songid,song,labelid,label
196103,H. G. Wells,2453465,2177845,The Island of Dr Moreau,16092,Big Finish Productions
196103,H. G. Wells,2453465,2177845,The Island of Dr Moreau,16092,Big Finish Productions
1830588,John Heffernan,2453465,2177845,The Island of Dr Moreau,16092,Big Finish Productions
1830588,John Heffernan,2453465,2177845,The Island of Dr Moreau,16092,Big Finish Productions
1831473,Ronald Pickup,2453465,2177845,The Island of Dr Moreau,16092,Big Finish Productions
1831473,Ronald Pickup,2453465,2177845,The Island of Dr Moreau,16092,Big Finish Productions
1830214,Enzo Cilenti,2453465,2177845,The Island of Dr Moreau,16092,Big Finish Productions
1830214,Enzo Cilenti,2453465,2177845,The Island of Dr Moreau,16092,Big Finish Productions
1830086,David Shaw-Parker,2453465,2177845,The Island of Dr Moreau,16092,Big Finish Productions
1830086,David Shaw-Parker,2453465,2177845,The Island of Dr Moreau,16092,Big Finish Productions
1550579,Tim Bentinck,2453465,2177845,The Island of Dr Moreau,16092,Big Finish Productions
1550579,Tim Bentinck,2453465,2177845,The Island of Dr Moreau,16092,Big Finish Productions
1828249,John Banks,2453465,2177845,The Island of Dr Moreau,16092,Big Finish Productions
1828249,John Banks,2453465,2177845,The Island of Dr Moreau,16092,Big Finish Productions
1831471,Roland Moore,2453480,2179917,Survivors Series 09,16092,Big Finish Productions
1831471,Roland Moore,2453480,2179917,Survivors Series 09,16092,Big Finish Productions
1829930,Christopher Hatherall,2453480,2179917,Survivors Series 09,16092,Big Finish Productions
1829930,Christopher Hatherall,2453480,2179917,Survivors Series 09,16092,Big Finish Productions
1298767,Andrew Smith,2453480,2179917,Survivors Series 09,16092,Big Finish Productions
1298767,Andrew Smith,2453480,2179917,Survivors Series 09,16092,Big Finish Productions
1830486,Jane Slavin,2453480,2179917,Survivors Series 09,16092,Big Finish Productions
1830486,Jane Slavin,2453480,2179917,Survivors Series 09,16092,Big Finish Productions
1830846,Lucy Fleming,2453480,2179917,Survivors Series 09,16092,Big Finish Productions
1830846,Lucy Fleming,2453480,2179917,Survivors Series 09,16092,Big Finish Productions
1212086,Carolyn Seymour,2453480,2179917,Survivors Series 09,16092,Big Finish Productions
1212086,Carolyn Seymour,2453480,2179917,Survivors Series 09,16092,Big Finish Productions
81270,Issy van Randwyck,2453480,2179917,Survivors Series 09,16092,Big Finish Productions
81270,Issy van Randwyck,2453480,2179917,Survivors Series 09,16092,Big Finish Productions
1830791,Leighton Pugh,2453480,2179917,Survivors Series 09,16092,Big Finish Productions
1830791,Leighton Pugh,2453480,2179917,Survivors Series 09,16092,Big Finish Productions
1830428,Isla Carter,2453480,2179917,Survivors Series 09,16092,Big Finish Productions
1830428,Isla Carter,2453480,2179917,Survivors Series 09,16092,Big Finish Productions
1830825,Lizzie Stables,2453480,2179917,Survivors Series 09,16092,Big Finish Productions
1830825,Lizzie Stables,2453480,2179917,Survivors Series 09,16092,Big Finish Productions
1831426,Richenda Carey,2453480,2179917,Survivors Series 09,16092,Big Finish Productions
1831426,Richenda Carey,2453480,2179917,Survivors Series 09,16092,Big Finish Productions
1830376,Helen Goldwyn,2453480,2179917,Survivors Series 09,16092,Big Finish Productions
1830376,Helen Goldwyn,2453480,2179917,Survivors Series 09,16092,Big Finish Productions
1830294,George Watkins,2453480,2179917,Survivors Series 09,16092,Big Finish Productions
1830294,George Watkins,2453480,2179917,Survivors Series 09,16092,Big Finish Productions
1830909,Mark Elstob,2453480,2179917,Survivors Series 09,16092,Big Finish Productions
1830909,Mark Elstob,2453480,2179917,Survivors Series 09,16092,Big Finish Productions
1829751,Ashley Zhangazha,2453480,2179917,Survivors Series 09,16092,Big Finish Productions
1829751,Ashley Zhangazha,2453480,2179917,Survivors Series 09,16092,Big Finish Productions
1830399,Hywel Morgan,2453480,2179917,Survivors Series 09,16092,Big Finish Productions
1830399,Hywel Morgan,2453480,2179917,Survivors Series 09,16092,Big Finish Productions
1831139,Owen Aaronovitch,2453480,2179917,Survivors Series 09,16092,Big Finish Productions
1831139,Owen Aaronovitch,2453480,2179917,Survivors Series 09,16092,Big Finish Productions
1830567,Joel James Davison,2453480,2179917,Survivors Series 09,16092,Big Finish Productions
1830567,Joel James Davison,2453480,2179917,Survivors Series 09,16092,Big Finish Productions
1298828,Jonathan Morris,2453609,2179714,Missy Series 01,16092,Big Finish Productions
1298828,Jonathan Morris,2453609,2179714,Missy Series 01,16092,Big Finish Productions
1831486,Roy Gill,2453609,2179714,Missy Series 01,16092,Big Finish Productions
1831486,Roy Gill,2453609,2179714,Missy Series 01,16092,Big Finish Productions
1298841,Nev Fountain,2453609,2179714,Missy Series 01,16092,Big Finish Productions
1298841,Nev Fountain,2453609,2179714,Missy Series 01,16092,Big Finish Productions
1832457,John Dorney,2453609,2179714,Missy Series 01,16092,Big Finish Productions
1832457,John Dorney,2453609,2179714,Missy Series 01,16092,Big Finish Productions
1210799,Rufus Hound,2453609,2179714,Missy Series 01,16092,Big Finish Productions
1210799,Rufus Hound,2453609,2179714,Missy Series 01,16092,Big Finish Productions
1831009,Michelle Gomez,2453609,2179714,Missy Series 01,16092,Big Finish Productions
1831009,Michelle Gomez,2453609,2179714,Missy Series 01,16092,Big Finish Productions
1839651,John Scougall,2453609,2179714,Missy Series 01,16092,Big Finish Productions
1839651,John Scougall,2453609,2179714,Missy Series 01,16092,Big Finish Productions
1831355,Rachel Verkuil,2453609,2179714,Missy Series 01,16092,Big Finish Productions
1831355,Rachel Verkuil,2453609,2179714,Missy Series 01,16092,Big Finish Productions
1831509,Ryan Forde Iosco,2453609,2179714,Missy Series 01,16092,Big Finish Productions
1831509,Ryan Forde Iosco,2453609,2179714,Missy Series 01,16092,Big Finish Productions
1831115,Oliver Clement,2453609,2179714,Missy Series 01,16092,Big Finish Productions
1831115,Oliver Clement,2453609,2179714,Missy Series 01,16092,Big Finish Productions
1830465,Jamie Laird,2453609,2179714,Missy Series 01,16092,Big Finish Productions
1830465,Jamie Laird,2453609,2179714,Missy Series 01,16092,Big Finish Productions
1829822,Bonnie Kingston,2453609,2179714,Missy Series 01,16092,Big Finish Productions
1829822,Bonnie Kingston,2453609,2179714,Missy Series 01,16092,Big Finish Productions
1832438,Guy Paul,2453609,2179714,Missy Series 01,16092,Big Finish Productions
1832438,Guy Paul,2453609,2179714,Missy Series 01,16092,Big Finish Productions
1830333,Graham Seed,2453609,2179714,Missy Series 01,16092,Big Finish Productions
1830333,Graham Seed,2453609,2179714,Missy Series 01,16092,Big Finish Productions
1830874,Maggie Service,2453609,2179714,Missy Series 01,16092,Big Finish Productions
1830874,Maggie Service,2453609,2179714,Missy Series 01,16092,Big Finish Productions
1831972,Beth Chalmers,2453609,2179714,Missy Series 01,16092,Big Finish Productions
1831972,Beth Chalmers,2453609,2179714,Missy Series 01,16092,Big Finish Productions
1829542,Abbie Andrew,2453609,2179714,Missy Series 01,16092,Big Finish Productions
1829542,Abbie Andrew,2453609,2179714,Missy Series 01,16092,Big Finish Productions
1830739,Kenneth Jay,2453609,2179714,Missy Series 01,16092,Big Finish Productions
1830739,Kenneth Jay,2453609,2179714,Missy Series 01,16092,Big Finish Productions
1271867,Dan Starkey,2453609,2179714,Missy Series 01,16092,Big Finish Productions
1271867,Dan Starkey,2453609,2179714,Missy Series 01,16092,Big Finish Productions
1830500,Jason Nwoga,2453609,2179714,Missy Series 01,16092,Big Finish Productions
1830500,Jason Nwoga,2453609,2179714,Missy Series 01,16092,Big Finish Productions
1830791,Leighton Pugh,2453609,2179714,Missy Series 01,16092,Big Finish Productions
1830791,Leighton Pugh,2453609,2179714,Missy Series 01,16092,Big Finish Productions
1477732,Simon Slater,2453609,2179714,Missy Series 01,16092,Big Finish Productions
1477732,Simon Slater,2453609,2179714,Missy Series 01,16092,Big Finish Productions
1830847,Lucy Goldie,2453609,2179714,Missy Series 01,16092,Big Finish Productions
1830847,Lucy Goldie,2453609,2179714,Missy Series 01,16092,Big Finish Productions
