id,name,credit,songid,song,labelid,label
197231,Kaly Live Dub,1320053,1382077,Hard Man,8233,Jarring Effects
197231,Kaly Live Dub,1320053,1382077,Hard Man,8233,Jarring Effects
