id,name,credit,songid,song,labelid,label
105832,Dave Dudley,2422555,2162756,Six Days on the Road / Donnie,26631,Era Records
