id,name,credit,songid,song,labelid,label
482758,Waio,2319459,2069371,Insane People,74919,how2make
1745072,Devon Miles,2319459,2069371,Insane People,74919,how2make
