id,name,credit,songid,song,labelid,label
1719665,Pluko,2289960,2041121,Breath,97196,ICONS
1526453,Pluto,2353670,2096850,Feel the Fire (Breath Vocal Mix),-1,
