id,name,credit,songid,song,labelid,label
1103826,Edgar Moreau,3034368,2708112,Petits concerts en famille,-1,
1103827,Pierre-Yves Hodique,3034368,2708112,Petits concerts en famille,-1,
2078833,Raphaëlle Moreau,3034368,2708112,Petits concerts en famille,-1,
886779,David Moreau,3034368,2708112,Petits concerts en famille,-1,
2024469,Adrien Bellom,3034368,2708112,Petits concerts en famille,-1,
1090065,Guillaume Bellom,3034368,2708112,Petits concerts en famille,-1,
