id,name,credit,songid,song,labelid,label
2031086,Laetitia Gerards,2790111,2464468,Avrotros klassiek presenteert,160891,AVROTROS
33725,Сергей Васильевич Рахманинов,2790123,1870510,Complete Works for Piano Solo 5,2953,Etcetera
