id,name,credit,songid,song,labelid,label
2101990,Pain Chain,2897737,2570778,Make America Gape Again,3267,[no label]
